0 5.09334e+06 5.9042e+06 6.1628e+07 2.16058e+06 2.58586e+07 5.26913e+07 5.46166e+06 6.89346e+06 5.23242e+06 3.9186e+07 2.66827e+06 6.33058e+07 3.4838e+07 3.15848e+07 3.76549e+06 1.07489e+08 4.32661e+07 1.02813e+06 2.73291e+07 
5.09334e+06 0 1.13976e+07 3.13284e+07 1.32787e+07 8.74462e+06 4.03595e+07 6.71579e+06 202560 1.9896e+07 1.66102e+07 6.11519e+06 3.26846e+07 3.16296e+07 2.13072e+07 1.48402e+07 6.89657e+07 3.00543e+07 3.33806e+06 1.80363e+07 
5.9042e+06 1.13976e+07 0 7.07563e+07 1.08176e+07 2.63924e+07 2.94263e+07 945362 1.19104e+07 1.49296e+07 5.23357e+07 904467 7.46707e+07 1.38307e+07 1.63803e+07 1.6319e+07 9.68639e+07 2.47389e+07 3.13267e+06 1.36742e+07 
6.1628e+07 3.13284e+07 7.07563e+07 0 8.42566e+07 1.12995e+07 5.84196e+07 5.53946e+07 2.77878e+07 9.94634e+07 3.72121e+06 5.97785e+07 214801 7.1858e+07 4.31843e+07 8.51049e+07 2.04098e+07 4.52052e+07 5.35933e+07 4.21031e+07 
2.16058e+06 1.32787e+07 1.08176e+07 8.42566e+07 0 4.27359e+07 7.27257e+07 1.25727e+07 1.6366e+07 675959 5.61501e+07 7.76283e+06 8.55607e+07 4.88132e+07 4.83404e+07 643270 1.40071e+08 6.26287e+07 5.82585e+06 4.30996e+07 
2.58586e+07 8.74462e+06 2.63924e+07 1.12995e+07 4.27359e+07 0 2.47593e+07 1.73547e+07 6.3473e+06 5.41612e+07 7.985e+06 2.08442e+07 1.34537e+07 2.81801e+07 1.24407e+07 4.63079e+07 2.86045e+07 1.59053e+07 1.87495e+07 1.11727e+07 
5.26913e+07 4.03595e+07 2.94263e+07 5.84196e+07 7.27257e+07 2.47593e+07 0 2.48241e+07 3.6009e+07 8.48479e+07 6.01381e+07 3.29677e+07 6.51777e+07 4.37573e+06 3.01737e+06 8.41162e+07 3.93881e+07 975921 3.90625e+07 4.46702e+06 
5.46166e+06 6.71579e+06 945362 5.53946e+07 1.25727e+07 1.73547e+07 2.48241e+07 0 6.70353e+06 1.8038e+07 3.97405e+07 577648 5.89449e+07 1.27544e+07 1.17898e+07 1.76527e+07 8.01592e+07 1.92834e+07 1.93665e+06 9.32907e+06 
6.89346e+06 202560 1.19104e+07 2.77878e+07 1.6366e+07 6.3473e+06 3.6009e+07 6.70353e+06 0 2.36743e+07 1.47761e+07 6.7718e+06 2.93483e+07 2.90093e+07 1.82109e+07 1.83666e+07 6.18369e+07 2.61042e+07 4.25414e+06 1.52763e+07 
5.23242e+06 1.9896e+07 1.49296e+07 9.94634e+07 675959 5.41612e+07 8.48479e+07 1.8038e+07 2.36743e+07 0 6.82361e+07 1.2181e+07 1.00657e+08 5.74984e+07 5.89334e+07 944823 1.60148e+08 7.45869e+07 1.02574e+07 5.3191e+07 
3.9186e+07 1.66102e+07 5.23357e+07 3.72121e+06 5.61501e+07 7.985e+06 6.01381e+07 3.97405e+07 1.47761e+07 6.82361e+07 0 4.14207e+07 3.36414e+06 6.56996e+07 4.03596e+07 5.5603e+07 3.77296e+07 4.58662e+07 3.46953e+07 3.79493e+07 
2.66827e+06 6.11519e+06 904467 5.97785e+07 7.76283e+06 2.08442e+07 3.29677e+07 577648 6.7718e+06 1.2181e+07 4.14207e+07 0 6.28626e+07 1.83044e+07 1.75316e+07 1.19146e+07 9.1146e+07 2.64843e+07 683353 1.44765e+07 
6.33058e+07 3.26846e+07 7.46707e+07 214801 8.55607e+07 1.34537e+07 6.51777e+07 5.89449e+07 2.93483e+07 1.00657e+08 3.36414e+06 6.28626e+07 0 7.84107e+07 4.84718e+07 8.56731e+07 2.41515e+07 5.10485e+07 5.59204e+07 4.71222e+07 
3.4838e+07 3.16296e+07 1.38307e+07 7.1858e+07 4.88132e+07 2.81801e+07 4.37573e+06 1.27544e+07 2.90093e+07 5.74984e+07 6.56996e+07 1.83044e+07 7.84107e+07 0 3.74719e+06 5.93786e+07 6.4646e+07 5.09646e+06 2.45692e+07 3.96249e+06 
3.15848e+07 2.13072e+07 1.63803e+07 4.31843e+07 4.83404e+07 1.24407e+07 3.01737e+06 1.17898e+07 1.82109e+07 5.89334e+07 4.03596e+07 1.75316e+07 4.84718e+07 3.74719e+06 0 5.70508e+07 3.96716e+07 923773 2.12159e+07 154559 
3.76549e+06 1.48402e+07 1.6319e+07 8.51049e+07 643270 4.63079e+07 8.41162e+07 1.76527e+07 1.83666e+07 944823 5.5603e+07 1.19146e+07 8.56731e+07 5.93786e+07 5.70508e+07 0 1.47516e+08 7.24621e+07 8.70994e+06 5.12896e+07 
1.07489e+08 6.89657e+07 9.68639e+07 2.04098e+07 1.40071e+08 2.86045e+07 3.93881e+07 8.01592e+07 6.18369e+07 1.60148e+08 3.77296e+07 9.1146e+07 2.41515e+07 6.4646e+07 3.96716e+07 1.47516e+08 0 3.34705e+07 9.05526e+07 4.20895e+07 
4.32661e+07 3.00543e+07 2.47389e+07 4.52052e+07 6.26287e+07 1.59053e+07 975921 1.92834e+07 2.61042e+07 7.45869e+07 4.58662e+07 2.64843e+07 5.10485e+07 5.09646e+06 923773 7.24621e+07 3.34705e+07 0 3.09558e+07 1.82505e+06 
1.02813e+06 3.33806e+06 3.13267e+06 5.35933e+07 5.82585e+06 1.87495e+07 3.90625e+07 1.93665e+06 4.25414e+06 1.02574e+07 3.46953e+07 683353 5.59204e+07 2.45692e+07 2.12159e+07 8.70994e+06 9.05526e+07 3.09558e+07 0 1.77557e+07 
2.73291e+07 1.80363e+07 1.36742e+07 4.21031e+07 4.30996e+07 1.11727e+07 4.46702e+06 9.32907e+06 1.52763e+07 5.3191e+07 3.79493e+07 1.44765e+07 4.71222e+07 3.96249e+06 154559 5.12896e+07 4.20895e+07 1.82505e+06 1.77557e+07 0 
